FRIEDLYVEHICLESALLOWED
0
ENEMYVEHICLESALLOWED
1
KILLFILTER
2308
2309
2310
2317
2318
50562
15012
15015
15024
15025
15026
15030
16012
16015
16024
16025
16026
16027
17012
17015
17024
17025
17026
17030
75150
75152
75153
130
7505
7506
7507
7508
7512
7513
7514
7518
7519
7520
7521
7525
15000
15003
16000
16003
17000
17003
15001
15005
16001
16005
16029
16031
16033
17001
17005
15013
15017
16013
16017
16028
16030
16032
17013
17017
75149
75151
75154
429
432
650
1044
1045
70963
70964
800623
880
881
882
883
884
1095
1096
6050
7755
7756
44500
44501
44502
44503
44504
44505
44506
44600
44601
44602
44603
44604
44605
44700
44701
44702
44703
44704
44705
50051
81
82
83
84
85
86
266
267
268
1001
1002
1964
33002
33003
33004
34002
34003
34004
35002
35003
35004
50560
50561
75543
802299
802300
802301
802302
802969
30
128
129
1097
1849
1884
1934
1939
7423
7432
7441
39000
39001
39002
40000
40001
40002
41000
41001
41002
75083
802322
2
15
21
1889
1954
1959
2001
7379
7380
7388
7389
7390
7391
7392
7400
7401
7402
7403
7404
7412
7413
7414
7467
7468
7469
36005
36006
36007
36010
36011
36012
36013
37010
37011
37012
37013
38005
38006
38007
38010
38011
38012
38013
75063
75071
75170
75171
75172
75173
75268
75490
75517
75519
75521
76358
801970
802733
802781
802782
803007
803008
803009
803824
803825
803826
75490
75517
75519
75521
76358
801970
802733
802781
802782
803007
803008
803009
803824
803825
803826
1
13
19
271
285
286
1082
1083
1084
800624
800625
800626
800627
801969
802025
802315
802316
802317
802584
802902
802903
802904
804113
0
ENEMYKILLFILTER
0
